1.145662784576416016e+00	-2.679083347320556641e+00	1.697797536849975586e+00	3.257512092590332031e+00	1.129123449325561523e+00	3.281765460968017578e+00	2.557503223419189453e+00	1.878257989883422852e-01	-4.397614002227783203e-01	2.451937675476074219e+00
1.145662784576416016e+00	-2.679083347320556641e+00	1.697797536849975586e+00	3.257512092590332031e+00	1.129123449325561523e+00	3.281765460968017578e+00	2.557503223419189453e+00	1.878257989883422852e-01	-4.397614002227783203e-01	2.451937675476074219e+00
1.145662784576416016e+00	-2.679083347320556641e+00	1.697797536849975586e+00	3.257512092590332031e+00	1.129123449325561523e+00	3.281765460968017578e+00	2.557503223419189453e+00	1.878257989883422852e-01	-4.397614002227783203e-01	2.451937675476074219e+00
1.145662784576416016e+00	-2.679083347320556641e+00	1.697797536849975586e+00	3.257512092590332031e+00	1.129123449325561523e+00	3.281765460968017578e+00	2.557503223419189453e+00	1.878257989883422852e-01	-4.397614002227783203e-01	2.451937675476074219e+00
1.145662784576416016e+00	-2.679083347320556641e+00	1.697797536849975586e+00	3.257512092590332031e+00	1.129123449325561523e+00	3.281765460968017578e+00	2.557503223419189453e+00	1.878257989883422852e-01	-4.397614002227783203e-01	2.451937675476074219e+00
1.729098796844482422e+00	-9.633294343948364258e-01	-3.348578453063964844e+00	9.941614270210266113e-01	2.096671104431152344e+00	-4.468391418457031250e+00	-2.018062591552734375e+00	7.298983335494995117e-01	6.280031204223632812e-01	-8.353813290596008301e-01
1.729098796844482422e+00	-9.633294343948364258e-01	-3.348578453063964844e+00	9.941614270210266113e-01	2.096671104431152344e+00	-4.468391418457031250e+00	-2.018062591552734375e+00	7.298983335494995117e-01	6.280031204223632812e-01	-8.353813290596008301e-01
1.729098796844482422e+00	-9.633294343948364258e-01	-3.348578453063964844e+00	9.941614270210266113e-01	2.096671104431152344e+00	-4.468391418457031250e+00	-2.018062591552734375e+00	7.298983335494995117e-01	6.280031204223632812e-01	-8.353813290596008301e-01
1.729098796844482422e+00	-9.633294343948364258e-01	-3.348578453063964844e+00	9.941614270210266113e-01	2.096671104431152344e+00	-4.468391418457031250e+00	-2.018062591552734375e+00	7.298983335494995117e-01	6.280031204223632812e-01	-8.353813290596008301e-01
1.729098796844482422e+00	-9.633294343948364258e-01	-3.348578453063964844e+00	9.941614270210266113e-01	2.096671104431152344e+00	-4.468391418457031250e+00	-2.018062591552734375e+00	7.298983335494995117e-01	6.280031204223632812e-01	-8.353813290596008301e-01
