-6.578675508499145508e-01	-5.395493507385253906e-01	-3.811680972576141357e-01	-1.579306125640869141e-01	-6.990644931793212891e+00
-6.578675508499145508e-01	-5.395493507385253906e-01	-3.811680972576141357e-01	-1.579306125640869141e-01	-6.990644931793212891e+00
-6.578675508499145508e-01	-5.395493507385253906e-01	-3.811680972576141357e-01	-1.579306125640869141e-01	-6.990644931793212891e+00
-6.578675508499145508e-01	-5.395493507385253906e-01	-3.811680972576141357e-01	-1.579306125640869141e-01	-6.990644931793212891e+00
-6.578675508499145508e-01	-5.395493507385253906e-01	-3.811680972576141357e-01	-1.579306125640869141e-01	-6.990644931793212891e+00
-1.157572984695434570e+00	-6.791704177856445312e+00	1.246942639350891113e+00	4.045105725526809692e-02	-1.168646454811096191e+00
-1.157572984695434570e+00	-6.791704177856445312e+00	1.246942639350891113e+00	4.045105725526809692e-02	-1.168646454811096191e+00
-1.157572984695434570e+00	-6.791704177856445312e+00	1.246942639350891113e+00	4.045105725526809692e-02	-1.168646454811096191e+00
-1.157572984695434570e+00	-6.791704177856445312e+00	1.246942639350891113e+00	4.045105725526809692e-02	-1.168646454811096191e+00
-1.157572984695434570e+00	-6.791704177856445312e+00	1.246942639350891113e+00	4.045105725526809692e-02	-1.168646454811096191e+00
