-1.089057731628417969e+01	-1.823683023452758789e+00	3.006694078445434570e+00	3.502360582351684570e+00	3.762879371643066406e-01	-1.337172985076904297e+01	2.686342000961303711e+00	7.650494575500488281e+00	2.867321014404296875e+00	7.180597305297851562e+00
-1.089057731628417969e+01	-1.823683023452758789e+00	3.006694078445434570e+00	3.502360582351684570e+00	3.762879371643066406e-01	-1.337172985076904297e+01	2.686342000961303711e+00	7.650494575500488281e+00	2.867321014404296875e+00	7.180597305297851562e+00
-1.089057731628417969e+01	-1.823683023452758789e+00	3.006694078445434570e+00	3.502360582351684570e+00	3.762879371643066406e-01	-1.337172985076904297e+01	2.686342000961303711e+00	7.650494575500488281e+00	2.867321014404296875e+00	7.180597305297851562e+00
-1.089057731628417969e+01	-1.823683023452758789e+00	3.006694078445434570e+00	3.502360582351684570e+00	3.762879371643066406e-01	-1.337172985076904297e+01	2.686342000961303711e+00	7.650494575500488281e+00	2.867321014404296875e+00	7.180597305297851562e+00
-1.089057731628417969e+01	-1.823683023452758789e+00	3.006694078445434570e+00	3.502360582351684570e+00	3.762879371643066406e-01	-1.337172985076904297e+01	2.686342000961303711e+00	7.650494575500488281e+00	2.867321014404296875e+00	7.180597305297851562e+00
6.135597229003906250e+00	1.827127933502197266e+00	-3.049935102462768555e-01	6.238694190979003906e-01	6.773492097854614258e-01	4.644614219665527344e+00	-7.650096416473388672e+00	-1.355397510528564453e+01	1.151813387870788574e+00	1.487735509872436523e+00
6.135597229003906250e+00	1.827127933502197266e+00	-3.049935102462768555e-01	6.238694190979003906e-01	6.773492097854614258e-01	4.644614219665527344e+00	-7.650096416473388672e+00	-1.355397510528564453e+01	1.151813387870788574e+00	1.487735509872436523e+00
6.135597229003906250e+00	1.827127933502197266e+00	-3.049935102462768555e-01	6.238694190979003906e-01	6.773492097854614258e-01	4.644614219665527344e+00	-7.650096416473388672e+00	-1.355397510528564453e+01	1.151813387870788574e+00	1.487735509872436523e+00
6.135597229003906250e+00	1.827127933502197266e+00	-3.049935102462768555e-01	6.238694190979003906e-01	6.773492097854614258e-01	4.644614219665527344e+00	-7.650096416473388672e+00	-1.355397510528564453e+01	1.151813387870788574e+00	1.487735509872436523e+00
6.135597229003906250e+00	1.827127933502197266e+00	-3.049935102462768555e-01	6.238694190979003906e-01	6.773492097854614258e-01	4.644614219665527344e+00	-7.650096416473388672e+00	-1.355397510528564453e+01	1.151813387870788574e+00	1.487735509872436523e+00
