3.095990657806396484e+00	-3.193158626556396484e+00	4.007504463195800781e+00	1.497495055198669434e+00	-7.109077453613281250e+00
3.095990657806396484e+00	-3.193158626556396484e+00	4.007504463195800781e+00	1.497495055198669434e+00	-7.109077453613281250e+00
3.095990657806396484e+00	-3.193158626556396484e+00	4.007504463195800781e+00	1.497495055198669434e+00	-7.109077453613281250e+00
3.095990657806396484e+00	-3.193158626556396484e+00	4.007504463195800781e+00	1.497495055198669434e+00	-7.109077453613281250e+00
3.095990657806396484e+00	-3.193158626556396484e+00	4.007504463195800781e+00	1.497495055198669434e+00	-7.109077453613281250e+00
2.111590385437011719e+00	-2.226794004440307617e+00	2.771662712097167969e+00	-1.591236829757690430e+00	7.156346321105957031e+00
2.111590385437011719e+00	-2.226794004440307617e+00	2.771662712097167969e+00	-1.591236829757690430e+00	7.156346321105957031e+00
2.111590385437011719e+00	-2.226794004440307617e+00	2.771662712097167969e+00	-1.591236829757690430e+00	7.156346321105957031e+00
2.111590385437011719e+00	-2.226794004440307617e+00	2.771662712097167969e+00	-1.591236829757690430e+00	7.156346321105957031e+00
2.111590385437011719e+00	-2.226794004440307617e+00	2.771662712097167969e+00	-1.591236829757690430e+00	7.156346321105957031e+00
