6.357156038284301758e-01	4.682435989379882812e-01	7.383295297622680664e-01	7.707524299621582031e-01	-9.185518264770507812e+00
6.357156038284301758e-01	4.682435989379882812e-01	7.383295297622680664e-01	7.707524299621582031e-01	-9.185518264770507812e+00
6.357156038284301758e-01	4.682435989379882812e-01	7.383295297622680664e-01	7.707524299621582031e-01	-9.185518264770507812e+00
6.357156038284301758e-01	4.682435989379882812e-01	7.383295297622680664e-01	7.707524299621582031e-01	-9.185518264770507812e+00
6.357156038284301758e-01	4.682435989379882812e-01	7.383295297622680664e-01	7.707524299621582031e-01	-9.185518264770507812e+00
2.066443443298339844e+00	-3.809443235397338867e+00	2.261689662933349609e+00	2.284440994262695312e+00	9.136641025543212891e-01
2.066443443298339844e+00	-3.809443235397338867e+00	2.261689662933349609e+00	2.284440994262695312e+00	9.136641025543212891e-01
2.066443443298339844e+00	-3.809443235397338867e+00	2.261689662933349609e+00	2.284440994262695312e+00	9.136641025543212891e-01
2.066443443298339844e+00	-3.809443235397338867e+00	2.261689662933349609e+00	2.284440994262695312e+00	9.136641025543212891e-01
2.066443443298339844e+00	-3.809443235397338867e+00	2.261689662933349609e+00	2.284440994262695312e+00	9.136641025543212891e-01
