7.645353674888610840e-01	-3.556413650512695312e+00	1.218192696571350098e+00	6.178339719772338867e-01	1.861000061035156250e-01	1.700072765350341797e+00	8.272432684898376465e-01	-2.682957053184509277e-01	-4.299496412277221680e-01	4.360913336277008057e-01
7.645353674888610840e-01	-3.556413650512695312e+00	1.218192696571350098e+00	6.178339719772338867e-01	1.861000061035156250e-01	1.700072765350341797e+00	8.272432684898376465e-01	-2.682957053184509277e-01	-4.299496412277221680e-01	4.360913336277008057e-01
7.645353674888610840e-01	-3.556413650512695312e+00	1.218192696571350098e+00	6.178339719772338867e-01	1.861000061035156250e-01	1.700072765350341797e+00	8.272432684898376465e-01	-2.682957053184509277e-01	-4.299496412277221680e-01	4.360913336277008057e-01
7.645353674888610840e-01	-3.556413650512695312e+00	1.218192696571350098e+00	6.178339719772338867e-01	1.861000061035156250e-01	1.700072765350341797e+00	8.272432684898376465e-01	-2.682957053184509277e-01	-4.299496412277221680e-01	4.360913336277008057e-01
7.645353674888610840e-01	-3.556413650512695312e+00	1.218192696571350098e+00	6.178339719772338867e-01	1.861000061035156250e-01	1.700072765350341797e+00	8.272432684898376465e-01	-2.682957053184509277e-01	-4.299496412277221680e-01	4.360913336277008057e-01
9.957871437072753906e-01	1.436066389083862305e+00	-3.764614582061767578e+00	4.582023620605468750e-01	1.044075965881347656e+00	-1.127726197242736816e+00	-1.219561338424682617e+00	1.578554511070251465e+00	1.560681760311126709e-01	7.763829827308654785e-01
9.957871437072753906e-01	1.436066389083862305e+00	-3.764614582061767578e+00	4.582023620605468750e-01	1.044075965881347656e+00	-1.127726197242736816e+00	-1.219561338424682617e+00	1.578554511070251465e+00	1.560681760311126709e-01	7.763829827308654785e-01
9.957871437072753906e-01	1.436066389083862305e+00	-3.764614582061767578e+00	4.582023620605468750e-01	1.044075965881347656e+00	-1.127726197242736816e+00	-1.219561338424682617e+00	1.578554511070251465e+00	1.560681760311126709e-01	7.763829827308654785e-01
9.957871437072753906e-01	1.436066389083862305e+00	-3.764614582061767578e+00	4.582023620605468750e-01	1.044075965881347656e+00	-1.127726197242736816e+00	-1.219561338424682617e+00	1.578554511070251465e+00	1.560681760311126709e-01	7.763829827308654785e-01
9.957871437072753906e-01	1.436066389083862305e+00	-3.764614582061767578e+00	4.582023620605468750e-01	1.044075965881347656e+00	-1.127726197242736816e+00	-1.219561338424682617e+00	1.578554511070251465e+00	1.560681760311126709e-01	7.763829827308654785e-01
