2.288685321807861328e+00	2.544600248336791992e+00	2.395059108734130859e+00	2.666541814804077148e+00	-4.395880699157714844e+00
2.288685321807861328e+00	2.544600248336791992e+00	2.395059108734130859e+00	2.666541814804077148e+00	-4.395880699157714844e+00
2.288685321807861328e+00	2.544600248336791992e+00	2.395059108734130859e+00	2.666541814804077148e+00	-4.395880699157714844e+00
2.288685321807861328e+00	2.544600248336791992e+00	2.395059108734130859e+00	2.666541814804077148e+00	-4.395880699157714844e+00
2.288685321807861328e+00	2.544600248336791992e+00	2.395059108734130859e+00	2.666541814804077148e+00	-4.395880699157714844e+00
3.602622509002685547e+00	-3.663588523864746094e+00	2.859395980834960938e+00	3.489401102066040039e+00	4.403334617614746094e+00
3.602622509002685547e+00	-3.663588523864746094e+00	2.859395980834960938e+00	3.489401102066040039e+00	4.403334617614746094e+00
3.602622509002685547e+00	-3.663588523864746094e+00	2.859395980834960938e+00	3.489401102066040039e+00	4.403334617614746094e+00
3.602622509002685547e+00	-3.663588523864746094e+00	2.859395980834960938e+00	3.489401102066040039e+00	4.403334617614746094e+00
3.602622509002685547e+00	-3.663588523864746094e+00	2.859395980834960938e+00	3.489401102066040039e+00	4.403334617614746094e+00
