-1.595822811126708984e+00	-4.440639019012451172e+00	-3.361455202102661133e-01	-8.954918384552001953e-02	-1.002508640289306641e+00	1.245213627815246582e+00	9.494858980178833008e-01	-2.289535045623779297e+00	-5.913829803466796875e-02	1.254058122634887695e+00
-1.595822811126708984e+00	-4.440639019012451172e+00	-3.361455202102661133e-01	-8.954918384552001953e-02	-1.002508640289306641e+00	1.245213627815246582e+00	9.494858980178833008e-01	-2.289535045623779297e+00	-5.913829803466796875e-02	1.254058122634887695e+00
-1.595822811126708984e+00	-4.440639019012451172e+00	-3.361455202102661133e-01	-8.954918384552001953e-02	-1.002508640289306641e+00	1.245213627815246582e+00	9.494858980178833008e-01	-2.289535045623779297e+00	-5.913829803466796875e-02	1.254058122634887695e+00
-1.595822811126708984e+00	-4.440639019012451172e+00	-3.361455202102661133e-01	-8.954918384552001953e-02	-1.002508640289306641e+00	1.245213627815246582e+00	9.494858980178833008e-01	-2.289535045623779297e+00	-5.913829803466796875e-02	1.254058122634887695e+00
-1.595822811126708984e+00	-4.440639019012451172e+00	-3.361455202102661133e-01	-8.954918384552001953e-02	-1.002508640289306641e+00	1.245213627815246582e+00	9.494858980178833008e-01	-2.289535045623779297e+00	-5.913829803466796875e-02	1.254058122634887695e+00
1.029336929321289062e+00	-1.582653760910034180e+00	-4.446596622467041016e+00	-2.102561235427856445e+00	-5.748128890991210938e-01	-3.505794405937194824e-01	-2.267061710357666016e+00	-4.258103370666503906e-01	-3.864262580871582031e+00	1.986043930053710938e+00
1.029336929321289062e+00	-1.582653760910034180e+00	-4.446596622467041016e+00	-2.102561235427856445e+00	-5.748128890991210938e-01	-3.505794405937194824e-01	-2.267061710357666016e+00	-4.258103370666503906e-01	-3.864262580871582031e+00	1.986043930053710938e+00
1.029336929321289062e+00	-1.582653760910034180e+00	-4.446596622467041016e+00	-2.102561235427856445e+00	-5.748128890991210938e-01	-3.505794405937194824e-01	-2.267061710357666016e+00	-4.258103370666503906e-01	-3.864262580871582031e+00	1.986043930053710938e+00
1.029336929321289062e+00	-1.582653760910034180e+00	-4.446596622467041016e+00	-2.102561235427856445e+00	-5.748128890991210938e-01	-3.505794405937194824e-01	-2.267061710357666016e+00	-4.258103370666503906e-01	-3.864262580871582031e+00	1.986043930053710938e+00
1.029336929321289062e+00	-1.582653760910034180e+00	-4.446596622467041016e+00	-2.102561235427856445e+00	-5.748128890991210938e-01	-3.505794405937194824e-01	-2.267061710357666016e+00	-4.258103370666503906e-01	-3.864262580871582031e+00	1.986043930053710938e+00
