-1.372352242469787598e+00	-5.372580528259277344e+00	-8.442443609237670898e-01	2.319358587265014648e-01	-1.238185644149780273e+00	4.139798879623413086e-02	8.488073348999023438e-01	-1.375729799270629883e+00	-4.005996704101562500e+00	-5.746573209762573242e-02
-1.372352242469787598e+00	-5.372580528259277344e+00	-8.442443609237670898e-01	2.319358587265014648e-01	-1.238185644149780273e+00	4.139798879623413086e-02	8.488073348999023438e-01	-1.375729799270629883e+00	-4.005996704101562500e+00	-5.746573209762573242e-02
-1.372352242469787598e+00	-5.372580528259277344e+00	-8.442443609237670898e-01	2.319358587265014648e-01	-1.238185644149780273e+00	4.139798879623413086e-02	8.488073348999023438e-01	-1.375729799270629883e+00	-4.005996704101562500e+00	-5.746573209762573242e-02
-1.372352242469787598e+00	-5.372580528259277344e+00	-8.442443609237670898e-01	2.319358587265014648e-01	-1.238185644149780273e+00	4.139798879623413086e-02	8.488073348999023438e-01	-1.375729799270629883e+00	-4.005996704101562500e+00	-5.746573209762573242e-02
-1.372352242469787598e+00	-5.372580528259277344e+00	-8.442443609237670898e-01	2.319358587265014648e-01	-1.238185644149780273e+00	4.139798879623413086e-02	8.488073348999023438e-01	-1.375729799270629883e+00	-4.005996704101562500e+00	-5.746573209762573242e-02
1.768955588340759277e+00	-1.955944657325744629e+00	-4.164214611053466797e+00	-4.654145240783691406e-01	2.833303213119506836e-01	-1.495180964469909668e+00	-1.597315549850463867e+00	2.051774501800537109e+00	3.888103961944580078e-01	-3.754675984382629395e-01
1.768955588340759277e+00	-1.955944657325744629e+00	-4.164214611053466797e+00	-4.654145240783691406e-01	2.833303213119506836e-01	-1.495180964469909668e+00	-1.597315549850463867e+00	2.051774501800537109e+00	3.888103961944580078e-01	-3.754675984382629395e-01
1.768955588340759277e+00	-1.955944657325744629e+00	-4.164214611053466797e+00	-4.654145240783691406e-01	2.833303213119506836e-01	-1.495180964469909668e+00	-1.597315549850463867e+00	2.051774501800537109e+00	3.888103961944580078e-01	-3.754675984382629395e-01
1.768955588340759277e+00	-1.955944657325744629e+00	-4.164214611053466797e+00	-4.654145240783691406e-01	2.833303213119506836e-01	-1.495180964469909668e+00	-1.597315549850463867e+00	2.051774501800537109e+00	3.888103961944580078e-01	-3.754675984382629395e-01
1.768955588340759277e+00	-1.955944657325744629e+00	-4.164214611053466797e+00	-4.654145240783691406e-01	2.833303213119506836e-01	-1.495180964469909668e+00	-1.597315549850463867e+00	2.051774501800537109e+00	3.888103961944580078e-01	-3.754675984382629395e-01
