1.853797674179077148e+00	1.927704095840454102e+00	2.888945579528808594e+00	2.999022960662841797e+00	-4.127505779266357422e+00
1.853797674179077148e+00	1.927704095840454102e+00	2.888945579528808594e+00	2.999022960662841797e+00	-4.127505779266357422e+00
1.853797674179077148e+00	1.927704095840454102e+00	2.888945579528808594e+00	2.999022960662841797e+00	-4.127505779266357422e+00
1.853797674179077148e+00	1.927704095840454102e+00	2.888945579528808594e+00	2.999022960662841797e+00	-4.127505779266357422e+00
1.853797674179077148e+00	1.927704095840454102e+00	2.888945579528808594e+00	2.999022960662841797e+00	-4.127505779266357422e+00
9.343433380126953125e-01	-6.289278030395507812e+00	2.187483072280883789e+00	8.560144901275634766e-01	7.474406957626342773e-01
9.343433380126953125e-01	-6.289278030395507812e+00	2.187483072280883789e+00	8.560144901275634766e-01	7.474406957626342773e-01
9.343433380126953125e-01	-6.289278030395507812e+00	2.187483072280883789e+00	8.560144901275634766e-01	7.474406957626342773e-01
9.343433380126953125e-01	-6.289278030395507812e+00	2.187483072280883789e+00	8.560144901275634766e-01	7.474406957626342773e-01
9.343433380126953125e-01	-6.289278030395507812e+00	2.187483072280883789e+00	8.560144901275634766e-01	7.474406957626342773e-01
