3.463552474975585938e+00	4.617167472839355469e+00	-1.280875325202941895e+00	4.145498752593994141e+00	-6.830482482910156250e+00
3.463552474975585938e+00	4.617167472839355469e+00	-1.280875325202941895e+00	4.145498752593994141e+00	-6.830482482910156250e+00
3.463552474975585938e+00	4.617167472839355469e+00	-1.280875325202941895e+00	4.145498752593994141e+00	-6.830482482910156250e+00
3.463552474975585938e+00	4.617167472839355469e+00	-1.280875325202941895e+00	4.145498752593994141e+00	-6.830482482910156250e+00
3.463552474975585938e+00	4.617167472839355469e+00	-1.280875325202941895e+00	4.145498752593994141e+00	-6.830482482910156250e+00
2.807153224945068359e+00	-5.303316116333007812e+00	3.314171433448791504e-01	1.999091863632202148e+00	3.231813430786132812e+00
2.807153224945068359e+00	-5.303316116333007812e+00	3.314171433448791504e-01	1.999091863632202148e+00	3.231813430786132812e+00
2.807153224945068359e+00	-5.303316116333007812e+00	3.314171433448791504e-01	1.999091863632202148e+00	3.231813430786132812e+00
2.807153224945068359e+00	-5.303316116333007812e+00	3.314171433448791504e-01	1.999091863632202148e+00	3.231813430786132812e+00
2.807153224945068359e+00	-5.303316116333007812e+00	3.314171433448791504e-01	1.999091863632202148e+00	3.231813430786132812e+00
