1.884124875068664551e-01	-5.715741157531738281e+00	-1.520093977451324463e-01	-2.087394237518310547e+00	-1.122550010681152344e+00	1.002650737762451172e+00	1.594078779220581055e+00	1.806332588195800781e+00	1.133634597063064575e-01	1.480507850646972656e+00
1.884124875068664551e-01	-5.715741157531738281e+00	-1.520093977451324463e-01	-2.087394237518310547e+00	-1.122550010681152344e+00	1.002650737762451172e+00	1.594078779220581055e+00	1.806332588195800781e+00	1.133634597063064575e-01	1.480507850646972656e+00
1.884124875068664551e-01	-5.715741157531738281e+00	-1.520093977451324463e-01	-2.087394237518310547e+00	-1.122550010681152344e+00	1.002650737762451172e+00	1.594078779220581055e+00	1.806332588195800781e+00	1.133634597063064575e-01	1.480507850646972656e+00
1.884124875068664551e-01	-5.715741157531738281e+00	-1.520093977451324463e-01	-2.087394237518310547e+00	-1.122550010681152344e+00	1.002650737762451172e+00	1.594078779220581055e+00	1.806332588195800781e+00	1.133634597063064575e-01	1.480507850646972656e+00
1.884124875068664551e-01	-5.715741157531738281e+00	-1.520093977451324463e-01	-2.087394237518310547e+00	-1.122550010681152344e+00	1.002650737762451172e+00	1.594078779220581055e+00	1.806332588195800781e+00	1.133634597063064575e-01	1.480507850646972656e+00
1.911031603813171387e+00	2.976819038391113281e+00	-5.973182201385498047e+00	-7.853417396545410156e-01	1.669181823730468750e+00	1.022100210189819336e+00	-2.383916616439819336e+00	2.063408613204956055e+00	-3.306245326995849609e+00	2.095910310745239258e+00
1.911031603813171387e+00	2.976819038391113281e+00	-5.973182201385498047e+00	-7.853417396545410156e-01	1.669181823730468750e+00	1.022100210189819336e+00	-2.383916616439819336e+00	2.063408613204956055e+00	-3.306245326995849609e+00	2.095910310745239258e+00
1.911031603813171387e+00	2.976819038391113281e+00	-5.973182201385498047e+00	-7.853417396545410156e-01	1.669181823730468750e+00	1.022100210189819336e+00	-2.383916616439819336e+00	2.063408613204956055e+00	-3.306245326995849609e+00	2.095910310745239258e+00
1.911031603813171387e+00	2.976819038391113281e+00	-5.973182201385498047e+00	-7.853417396545410156e-01	1.669181823730468750e+00	1.022100210189819336e+00	-2.383916616439819336e+00	2.063408613204956055e+00	-3.306245326995849609e+00	2.095910310745239258e+00
1.911031603813171387e+00	2.976819038391113281e+00	-5.973182201385498047e+00	-7.853417396545410156e-01	1.669181823730468750e+00	1.022100210189819336e+00	-2.383916616439819336e+00	2.063408613204956055e+00	-3.306245326995849609e+00	2.095910310745239258e+00
