1.364561796188354492e+00	2.104858636856079102e+00	2.783091545104980469e+00	2.611010789871215820e+00	-4.275371074676513672e+00
1.364561796188354492e+00	2.104858636856079102e+00	2.783091545104980469e+00	2.611010789871215820e+00	-4.275371074676513672e+00
1.364561796188354492e+00	2.104858636856079102e+00	2.783091545104980469e+00	2.611010789871215820e+00	-4.275371074676513672e+00
1.364561796188354492e+00	2.104858636856079102e+00	2.783091545104980469e+00	2.611010789871215820e+00	-4.275371074676513672e+00
1.364561796188354492e+00	2.104858636856079102e+00	2.783091545104980469e+00	2.611010789871215820e+00	-4.275371074676513672e+00
2.654907226562500000e+00	-3.579022169113159180e+00	3.470888137817382812e+00	2.803843498229980469e+00	1.887777686119079590e+00
2.654907226562500000e+00	-3.579022169113159180e+00	3.470888137817382812e+00	2.803843498229980469e+00	1.887777686119079590e+00
2.654907226562500000e+00	-3.579022169113159180e+00	3.470888137817382812e+00	2.803843498229980469e+00	1.887777686119079590e+00
2.654907226562500000e+00	-3.579022169113159180e+00	3.470888137817382812e+00	2.803843498229980469e+00	1.887777686119079590e+00
2.654907226562500000e+00	-3.579022169113159180e+00	3.470888137817382812e+00	2.803843498229980469e+00	1.887777686119079590e+00
