-8.419215679168701172e-02	-3.177498102188110352e+00	1.610993027687072754e+00	1.330960273742675781e+00	6.063543558120727539e-01	1.154650688171386719e+00	1.810949802398681641e+00	-7.909924983978271484e-01	-1.939627528190612793e+00	1.357235789299011230e+00
-8.419215679168701172e-02	-3.177498102188110352e+00	1.610993027687072754e+00	1.330960273742675781e+00	6.063543558120727539e-01	1.154650688171386719e+00	1.810949802398681641e+00	-7.909924983978271484e-01	-1.939627528190612793e+00	1.357235789299011230e+00
-8.419215679168701172e-02	-3.177498102188110352e+00	1.610993027687072754e+00	1.330960273742675781e+00	6.063543558120727539e-01	1.154650688171386719e+00	1.810949802398681641e+00	-7.909924983978271484e-01	-1.939627528190612793e+00	1.357235789299011230e+00
-8.419215679168701172e-02	-3.177498102188110352e+00	1.610993027687072754e+00	1.330960273742675781e+00	6.063543558120727539e-01	1.154650688171386719e+00	1.810949802398681641e+00	-7.909924983978271484e-01	-1.939627528190612793e+00	1.357235789299011230e+00
-8.419215679168701172e-02	-3.177498102188110352e+00	1.610993027687072754e+00	1.330960273742675781e+00	6.063543558120727539e-01	1.154650688171386719e+00	1.810949802398681641e+00	-7.909924983978271484e-01	-1.939627528190612793e+00	1.357235789299011230e+00
1.878405451774597168e+00	-5.083768367767333984e-01	-2.848624229431152344e+00	1.735845327377319336e+00	9.636976718902587891e-01	-2.883160352706909180e+00	-2.632035017013549805e+00	3.691661357879638672e-01	5.690245628356933594e-01	-9.850419759750366211e-01
1.878405451774597168e+00	-5.083768367767333984e-01	-2.848624229431152344e+00	1.735845327377319336e+00	9.636976718902587891e-01	-2.883160352706909180e+00	-2.632035017013549805e+00	3.691661357879638672e-01	5.690245628356933594e-01	-9.850419759750366211e-01
1.878405451774597168e+00	-5.083768367767333984e-01	-2.848624229431152344e+00	1.735845327377319336e+00	9.636976718902587891e-01	-2.883160352706909180e+00	-2.632035017013549805e+00	3.691661357879638672e-01	5.690245628356933594e-01	-9.850419759750366211e-01
1.878405451774597168e+00	-5.083768367767333984e-01	-2.848624229431152344e+00	1.735845327377319336e+00	9.636976718902587891e-01	-2.883160352706909180e+00	-2.632035017013549805e+00	3.691661357879638672e-01	5.690245628356933594e-01	-9.850419759750366211e-01
1.878405451774597168e+00	-5.083768367767333984e-01	-2.848624229431152344e+00	1.735845327377319336e+00	9.636976718902587891e-01	-2.883160352706909180e+00	-2.632035017013549805e+00	3.691661357879638672e-01	5.690245628356933594e-01	-9.850419759750366211e-01
